1 1308540
1 1409849
1 303596
1 803149
1 1505673
1 1905431
1 703567
1 1808022
1 2205819
1 1102873
1 602768
1 2912680
1 2912680
1 1308540
2 2912647
1 3614678
1 3521148
1 1409849
1 303596
2 303593
1 803149
1 2308665
1 3010227
1 2415491
1 1505673
1 1905431
1 202601
1 1109296
1 903991
1 1811968
1 101089
1 1407683
2 101074
1 101087
1 903964
2 101075
1 202599
1 1407656
1 1811941
1 2706
1 810839
2 2687
2 810557
1 1108065
1 2011814
2 1107288
2 1911874
1 1113
1 1010454
2 1094
2 1010202
1 1181
1 1010475
2 1162
1 2011635
1 1108136
2 1107359
2 1911695
1 2826
2 2807
1 1811805
1 1811805
1 101173
1 1109258
2 101161
1 904078
1 1007507
1 2012008
2 1006730
2 1912068
1 1101
1 1010324
2 1082
1 2694
1 811027
2 2675
2 810745
